IP=61,36,24,59,33,15,6,42,26,37,30,63,62,27,43,45,10,28,19,2,35,7,53,51,52,60,32,64,8,1,50,14,34,39,22,44,20,46,29,57,38,16,49,56,3,48,9,41,21,40,47,54,31,13,58,55,11,18,5,23,25,12,4,17
E=10,12,29,5,1,5,2,15,16,10,25,6,28,23,28,20,4,3,26,2,3,8,17,13,9,22,6,7,27,1,14,31,13,24,21,31,23,11,32,9,30,21,22,14,26,19,18,11
P=27,16,6,22,8,3,10,23,31,24,19,29,14,26,32,28,2,11,17,5,30,12,13,9,20,15,1,18,7,25,21,4
S1=0,1,14,3,12,11,15,13,2,9,10,5,4,6,7,8,8,7,13,10,3,2,15,4,6,0,1,11,14,5,12,9,7,8,14,3,4,11,2,9,0,10,13,5,6,15,1,12,8,2,3,6,0,9,4,14,10,13,1,5,15,12,7,11
S2=9,12,7,0,10,13,11,14,3,5,4,8,1,6,2,15,11,5,12,2,6,7,9,8,0,13,1,3,14,4,15,10,9,6,15,1,7,8,0,13,2,11,4,10,5,14,3,12,12,15,4,6,11,13,10,5,8,1,3,9,2,14,7,0
S3=6,1,15,13,9,11,10,5,0,3,8,14,4,7,12,2,2,9,5,10,1,6,12,13,0,3,15,4,7,14,8,11,3,6,8,0,1,7,15,5,12,13,2,14,4,9,10,11,1,0,3,6,5,11,12,7,9,2,13,8,14,4,15,10
S4=15,5,4,12,2,13,14,3,6,1,11,10,8,7,9,0,3,12,6,9,1,0,15,7,8,13,14,2,11,10,5,4,4,0,8,1,9,13,7,15,14,3,2,10,12,11,6,5,5,9,15,4,10,13,7,8,3,11,12,2,6,1,0,14
S5=12,15,4,7,2,3,14,6,5,11,0,10,1,9,13,8,9,7,8,15,11,10,1,3,6,4,5,2,12,13,14,0,0,14,4,15,3,1,12,8,9,7,10,13,5,6,2,11,13,4,14,5,11,1,9,12,8,3,0,2,7,15,6,10
S6=2,8,6,5,15,13,1,14,3,10,11,12,7,9,4,0,7,9,6,14,0,8,3,10,11,12,1,4,15,13,2,5,4,13,11,0,5,12,8,9,7,1,2,15,3,6,10,14,12,4,11,1,10,7,14,0,15,3,8,6,5,2,9,13
S7=7,6,11,2,9,3,4,1,8,5,13,12,15,10,14,0,0,15,1,6,7,4,5,12,2,9,13,11,3,8,14,10,11,7,1,0,2,9,5,13,4,10,12,15,3,6,14,8,1,3,6,12,15,2,11,13,14,7,4,10,9,5,8,0
S8=4,0,8,6,5,2,1,11,3,14,7,13,10,9,12,15,8,1,4,12,13,0,15,5,11,10,3,7,2,9,6,14,10,13,1,0,12,9,6,7,4,11,2,3,14,8,5,15,1,0,8,10,13,9,14,5,12,7,11,2,3,4,15,6
V=2,1,2,2,2,1,2,2,2,2,2,2,2,1,2,1
PC1=17,44,6,7,55,33,15,10,39,52,37,28,22,57,31,20,50,59,63,25,41,43,2,53,18,34,46,49,1,5,27,58,60,29,4,26,13,14,23,36,38,54,35,47,45,11,21,19,3,61,9,62,12,42,30,51
PC2=1,17,3,40,11,45,26,44,10,27,8,37,33,6,15,20,12,55,19,50,38,32,23,36,56,34,31,7,41,30,35,43,16,51,18,29,21,39,53,9,5,47,14,25,28,42,46,48
